{
  "advancedEditorSelectedIdentifier" : "ProjectBrowser",
  "openSceneRelativePaths" : [
    "Flight.usda"
  ],
  "recentIdentifiers" : {
    "F0034FBD-7960-475C-8E7C-0FB76350289E" : [

    ]
  },
  "sceneCameraHistory" : {
    "F0034FBD-7960-475C-8E7C-0FB76350289E" : [
      {
        "date" : 753433120.96034,
        "title" : "Untitled",
        "transform" : [
          0.6465292,
          1.2221074e-08,
          -0.7628892,
          0,
          -0.22432236,
          0.9557921,
          -0.19010748,
          0,
          0.7291635,
          0.29404315,
          0.6179475,
          0,
          1.4831623,
          0.58715904,
          1.1121035,
          1
        ]
      },
      {
        "date" : 753432481.480601,
        "title" : "Untitled",
        "transform" : [
          0.40426812,
          1.5959116e-09,
          -0.9146405,
          0,
          -0.67711806,
          0.67226505,
          -0.2992839,
          0,
          0.61488086,
          0.7403105,
          0.27177534,
          0,
          1.2137246,
          1.4248811,
          0.42787036,
          1
        ]
      },
      {
        "date" : 753432473.87753,
        "title" : "Untitled",
        "transform" : [
          0.5039726,
          -1.8684254e-09,
          -0.8637196,
          0,
          -0.5758808,
          0.7452859,
          -0.33602116,
          0,
          0.6437181,
          0.66674495,
          0.3756037,
          0,
          1.279732,
          1.2844087,
          0.6317179,
          1
        ]
      },
      {
        "date" : 753432457.626216,
        "title" : "Untitled",
        "transform" : [
          -0.033545166,
          -9.042889e-11,
          0.99943733,
          0,
          0.7134054,
          0.70034236,
          0.023944682,
          0,
          -0.69994825,
          0.71380705,
          -0.023493063,
          0,
          -1.6035631,
          1.3920138,
          -0.93567765,
          1
        ]
      },
      {
        "date" : 753432450.826987,
        "title" : "Untitled",
        "transform" : [
          0.2795821,
          -1.776518e-09,
          0.9601218,
          0,
          0.94757336,
          0.16114691,
          -0.27592817,
          0,
          -0.15472065,
          0.9869304,
          0.045053832,
          0,
          -0.62924767,
          2.0794475,
          -0.7131793,
          1
        ]
      },
      {
        "date" : 753432438.826542,
        "title" : "Untitled",
        "transform" : [
          -0.3488132,
          -4.931451e-09,
          -0.9371922,
          0,
          -0.69788796,
          0.6674459,
          0.25974664,
          0,
          0.6255251,
          0.7446583,
          -0.23281395,
          0,
          1.6409111,
          1.5427856,
          0.30722833,
          1
        ]
      },
      {
        "date" : 753432421.099219,
        "title" : "Untitled",
        "transform" : [
          0.023054104,
          -5.477968e-10,
          -0.99973416,
          0,
          -0.27534527,
          0.9613244,
          -0.006349527,
          0,
          0.9610689,
          0.2754185,
          0.022162475,
          0,
          1.9814814,
          0.5539104,
          0.90621376,
          1
        ]
      },
      {
        "date" : 753432417.941348,
        "title" : "Untitled",
        "transform" : [
          0.093087435,
          -8.6033214e-10,
          -0.995658,
          0,
          -0.15275352,
          0.9881612,
          -0.014281444,
          0,
          0.9838705,
          0.15341967,
          0.09198538,
          0,
          2.0357811,
          0.29981306,
          1.0520804,
          1
        ]
      },
      {
        "date" : 753432416.050822,
        "title" : "Untitled",
        "transform" : [
          0.69849825,
          8.8888896e-11,
          -0.71561176,
          0,
          -0.06719078,
          0.9955823,
          -0.065583944,
          0,
          0.71245044,
          0.09389279,
          0.6954125,
          0,
          1.3181536,
          0.17466721,
          2.2509704,
          1
        ]
      },
      {
        "date" : 753432412.199398,
        "title" : "Untitled",
        "transform" : [
          0.72996986,
          -3.2460687e-06,
          -0.6834793,
          0,
          -0.2718315,
          0.91750664,
          -0.29032597,
          0,
          0.6270978,
          0.39772043,
          0.66975135,
          0,
          1.0885181,
          0.8047997,
          2.1439943,
          1
        ]
      }
    ]
  },
  "sceneViewportBackgroundColors" : {

  },
  "selectedSceneRelativePath" : "Flight.usda"
}