{
  "advancedEditorSelectedIdentifier" : "ShaderGraphEditorPluginID",
  "openSceneRelativePaths" : [
    "Flight.usda"
  ],
  "recentIdentifiers" : {
    "F0034FBD-7960-475C-8E7C-0FB76350289E" : [

    ]
  },
  "sceneCameraHistory" : {
    "F0034FBD-7960-475C-8E7C-0FB76350289E" : [
      {
        "date" : 753428271.272825,
        "title" : "Untitled",
        "transform" : [
          0.9416537,
          1.7018511e-09,
          -0.33658326,
          0,
          -0.105221,
          0.94987994,
          -0.29437515,
          0,
          0.31971365,
          0.31261507,
          0.8944579,
          0,
          2.4194574,
          1.3970625,
          2.8842845,
          1
        ]
      },
      {
        "date" : 753428257.581816,
        "title" : "Untitled",
        "transform" : [
          0.9775174,
          5.7297056e-11,
          -0.21085483,
          0,
          -0.020622421,
          0.99520576,
          -0.095605,
          0,
          0.20984392,
          0.09780388,
          0.9728309,
          0,
          2.069388,
          0.5900422,
          3.3903136,
          1
        ]
      },
      {
        "date" : 753428201.786679,
        "title" : "Untitled",
        "transform" : [
          0.7825375,
          4.288787e-10,
          -0.62260354,
          0,
          -0.06770756,
          0.9940693,
          -0.08510024,
          0,
          0.61891097,
          0.108749084,
          0.77789646,
          0,
          3.359853,
          0.60300994,
          2.1148808,
          1
        ]
      },
      {
        "date" : 753428164.884647,
        "title" : "Untitled",
        "transform" : [
          0.46504167,
          1.2206272e-09,
          0.8852888,
          0,
          0.10962876,
          0.99230295,
          -0.05758792,
          0,
          -0.8784747,
          0.1238339,
          0.46146223,
          0,
          -2.6997616,
          0.6276227,
          2.9056268,
          1
        ]
      },
      {
        "date" : 753424983.493699,
        "title" : "Untitled",
        "transform" : [
          0.81851655,
          -5.0112264e-10,
          -0.574483,
          0,
          -0.0082839895,
          0.999896,
          -0.011802931,
          0,
          0.5744232,
          0.014419904,
          0.8184314,
          0,
          3.2561977,
          0.18951097,
          2.3424134,
          1
        ]
      },
      {
        "date" : 753424917.324964,
        "title" : "Untitled",
        "transform" : [
          0.81851655,
          -5.0112264e-10,
          -0.574483,
          0,
          -0.0082839895,
          0.999896,
          -0.011802931,
          0,
          0.5744232,
          0.014419904,
          0.8184314,
          0,
          7.446625,
          0.43339422,
          5.356885,
          1
        ]
      },
      {
        "date" : 753424910.990559,
        "title" : "Untitled",
        "transform" : [
          0.89074534,
          -1.765752e-10,
          -0.45450258,
          0,
          -0.029258497,
          0.9979258,
          -0.057341527,
          0,
          0.45355985,
          0.06437477,
          0.88889784,
          0,
          3.8140423,
          1.9348221,
          7.4748087,
          1
        ]
      },
      {
        "date" : 753424905.780995,
        "title" : "Untitled",
        "transform" : [
          -0.8020846,
          -3.6042437e-08,
          -0.5972103,
          0,
          0.26655716,
          0.89486474,
          -0.3580003,
          0,
          0.53442246,
          -0.44633725,
          -0.71775734,
          0,
          74.488174,
          144.35349,
          -100.042496,
          1
        ]
      },
      {
        "date" : 753422050.89501,
        "title" : "Untitled",
        "transform" : [
          -0.8020846,
          -3.6042437e-08,
          -0.5972103,
          0,
          0.26655716,
          0.89486474,
          -0.3580003,
          0,
          0.53442246,
          -0.44633725,
          -0.71775734,
          0,
          74.52982,
          144.31868,
          -100.09847,
          1
        ]
      },
      {
        "date" : 753422046.529019,
        "title" : "Untitled",
        "transform" : [
          -0.77621007,
          -2.8069802e-08,
          -0.6304741,
          0,
          0.5734217,
          0.41568482,
          -0.70597,
          0,
          0.26207852,
          -0.9095086,
          -0.32265884,
          0,
          -0.46641722,
          100.474236,
          0.5732606,
          1
        ]
      }
    ]
  },
  "sceneViewportBackgroundColors" : {

  },
  "selectedSceneRelativePath" : "Flight.usda"
}