{
  "advancedEditorSelectedIdentifier" : "ShaderGraphEditorPluginID",
  "openSceneRelativePaths" : [
    "Flight.usda"
  ],
  "recentIdentifiers" : {
    "F0034FBD-7960-475C-8E7C-0FB76350289E" : [

    ]
  },
  "sceneCameraHistory" : {
    "F0034FBD-7960-475C-8E7C-0FB76350289E" : [
      {
        "date" : 753408653.037842,
        "title" : "Untitled",
        "transform" : [
          -0.955381,
          -6.482651e-09,
          -0.29537627,
          0,
          0.12892863,
          0.8997094,
          -0.41701376,
          0,
          0.2657528,
          -0.43648943,
          -0.8595652,
          0,
          3.2272358,
          -6.097342,
          -10.682916,
          1
        ]
      },
      {
        "date" : 753408372.026614,
        "title" : "Untitled",
        "transform" : [
          -0.955381,
          -6.482651e-09,
          -0.29537627,
          0,
          0.12892863,
          0.8997094,
          -0.41701376,
          0,
          0.2657528,
          -0.43648943,
          -0.8595652,
          0,
          96.90756,
          -212.1192,
          -320.78696,
          1
        ]
      },
      {
        "date" : 753408346.693264,
        "title" : "Untitled",
        "transform" : [
          -0.3638408,
          -9.074162e-09,
          -0.93146116,
          0,
          0.35559773,
          0.92426014,
          -0.13890108,
          0,
          0.8609124,
          -0.38176337,
          -0.3362835,
          0,
          339.19824,
          -191.10735,
          -135.3666,
          1
        ]
      },
      {
        "date" : 753403808.375288,
        "title" : "Untitled",
        "transform" : [
          -0.3638408,
          -9.074162e-09,
          -0.93146116,
          0,
          0.35559773,
          0.92426014,
          -0.13890108,
          0,
          0.8609124,
          -0.38176337,
          -0.3362835,
          0,
          105.13495,
          -22.097237,
          -43.38512,
          1
        ]
      },
      {
        "date" : 753403796.631873,
        "title" : "Untitled",
        "transform" : [
          -0.38206586,
          1.625111e-05,
          -0.92413515,
          0,
          0.78828824,
          0.52191496,
          -0.32589337,
          0,
          0.48231465,
          -0.85299754,
          -0.19941868,
          0,
          72.0527,
          -84.84986,
          -32.137882,
          1
        ]
      },
      {
        "date" : 753403790.541475,
        "title" : "Untitled",
        "transform" : [
          -0.4612254,
          -5.6641586e-08,
          -0.887283,
          0,
          0.80868506,
          0.4114835,
          -0.4203688,
          0,
          0.36510232,
          -0.9114172,
          -0.18978657,
          0,
          59.045834,
          -94.02108,
          -33.129917,
          1
        ]
      },
      {
        "date" : 753403760.12011,
        "title" : "Untitled",
        "transform" : [
          -0.39289182,
          -2.1832701e-08,
          -0.91958463,
          0,
          0.43822113,
          0.87915146,
          -0.18722965,
          0,
          0.8084542,
          -0.47654244,
          -0.34541142,
          0,
          101.004295,
          -33.89751,
          -45.53095,
          1
        ]
      },
      {
        "date" : 753403691.527966,
        "title" : "Untitled",
        "transform" : [
          -0.45193586,
          -2.9893748e-08,
          -0.89205045,
          0,
          0.2351149,
          0.96464115,
          -0.11911534,
          0,
          0.8605085,
          -0.26356682,
          -0.4359559,
          0,
          102.12003,
          -7.7511125,
          -54.18011,
          1
        ]
      },
      {
        "date" : 753403669.380981,
        "title" : "Untitled",
        "transform" : [
          0.102861986,
          -6.120789e-09,
          -0.99469566,
          0,
          0.67196506,
          0.73731565,
          0.06948825,
          0,
          0.73340464,
          -0.6755484,
          0.075841755,
          0,
          98.93442,
          -59.742718,
          8.186327,
          1
        ]
      },
      {
        "date" : 753403665.359698,
        "title" : "Untitled",
        "transform" : [
          0.0428875,
          -1.3960906e-08,
          -0.9990799,
          0,
          0.20505112,
          0.9787117,
          0.008802143,
          0,
          0.9778112,
          -0.20523998,
          0.04197457,
          0,
          120.54886,
          -18.150602,
          5.191258,
          1
        ]
      }
    ]
  },
  "sceneViewportBackgroundColors" : {

  },
  "selectedSceneRelativePath" : "Flight.usda"
}