{
  "advancedEditorSelectedIdentifier" : "ShaderGraphEditorPluginID",
  "openSceneRelativePaths" : [
    "Flight.usda"
  ],
  "recentIdentifiers" : {
    "F0034FBD-7960-475C-8E7C-0FB76350289E" : [

    ]
  },
  "sceneCameraHistory" : {
    "F0034FBD-7960-475C-8E7C-0FB76350289E" : [
      {
        "date" : 753421499.881325,
        "title" : "Untitled",
        "transform" : [
          -0.78284264,
          -1.7338175e-09,
          -0.6222197,
          0,
          -0.012651198,
          0.9997933,
          0.015917012,
          0,
          0.622091,
          0.020332383,
          -0.7826808,
          0,
          10.440713,
          -0.10752869,
          -13.252046,
          1
        ]
      },
      {
        "date" : 753421373.868685,
        "title" : "Untitled",
        "transform" : [
          -0.8375271,
          -2.2332145e-09,
          -0.5463958,
          0,
          0.0074052587,
          0.9999082,
          -0.011350974,
          0,
          0.5463456,
          -0.013552905,
          -0.8374502,
          0,
          7.2814393,
          -0.62109375,
          -11.293357,
          1
        ]
      },
      {
        "date" : 753421352.136317,
        "title" : "Untitled",
        "transform" : [
          -0.91374165,
          7.248559e-09,
          -0.40629566,
          0,
          -0.109461404,
          0.96302474,
          0.24617402,
          0,
          0.39127272,
          0.26941317,
          -0.8799558,
          0,
          5.4438524,
          3.270832,
          -12.4207945,
          1
        ]
      },
      {
        "date" : 753421349.931858,
        "title" : "Untitled",
        "transform" : [
          -0.91307133,
          -6.2630097e-09,
          -0.4077998,
          0,
          -0.119616084,
          0.9560141,
          0.2678226,
          0,
          0.3898624,
          0.29332054,
          -0.87290907,
          0,
          5.4471884,
          3.6082006,
          -12.373502,
          1
        ]
      },
      {
        "date" : 753421347.300921,
        "title" : "Untitled",
        "transform" : [
          -0.94138974,
          -1.5574813e-08,
          0.3373205,
          0,
          0.0914107,
          0.962582,
          0.25510785,
          0,
          -0.32469863,
          0.27099064,
          -0.9061649,
          0,
          -4.6416373,
          3.2930493,
          -12.739664,
          1
        ]
      },
      {
        "date" : 753408653.037842,
        "title" : "Untitled",
        "transform" : [
          -0.955381,
          -6.482651e-09,
          -0.29537627,
          0,
          0.12892863,
          0.8997094,
          -0.41701376,
          0,
          0.2657528,
          -0.43648943,
          -0.8595652,
          0,
          3.2272358,
          -6.097342,
          -10.682916,
          1
        ]
      },
      {
        "date" : 753408372.026614,
        "title" : "Untitled",
        "transform" : [
          -0.955381,
          -6.482651e-09,
          -0.29537627,
          0,
          0.12892863,
          0.8997094,
          -0.41701376,
          0,
          0.2657528,
          -0.43648943,
          -0.8595652,
          0,
          96.90756,
          -212.1192,
          -320.78696,
          1
        ]
      },
      {
        "date" : 753408346.693264,
        "title" : "Untitled",
        "transform" : [
          -0.3638408,
          -9.074162e-09,
          -0.93146116,
          0,
          0.35559773,
          0.92426014,
          -0.13890108,
          0,
          0.8609124,
          -0.38176337,
          -0.3362835,
          0,
          339.19824,
          -191.10735,
          -135.3666,
          1
        ]
      },
      {
        "date" : 753403808.375288,
        "title" : "Untitled",
        "transform" : [
          -0.3638408,
          -9.074162e-09,
          -0.93146116,
          0,
          0.35559773,
          0.92426014,
          -0.13890108,
          0,
          0.8609124,
          -0.38176337,
          -0.3362835,
          0,
          105.13495,
          -22.097237,
          -43.38512,
          1
        ]
      },
      {
        "date" : 753403796.631873,
        "title" : "Untitled",
        "transform" : [
          -0.38206586,
          1.625111e-05,
          -0.92413515,
          0,
          0.78828824,
          0.52191496,
          -0.32589337,
          0,
          0.48231465,
          -0.85299754,
          -0.19941868,
          0,
          72.0527,
          -84.84986,
          -32.137882,
          1
        ]
      }
    ]
  },
  "sceneViewportBackgroundColors" : {

  },
  "selectedSceneRelativePath" : "Flight.usda"
}